mAP: 0.936450469556127
AP_50: 0.9899895277391814
AP_75: 0.989505042060089
AP_small: -1.0
AP_m: 0.8864637356592802
AP_l: 0.936562153349159
