Epoch:10
mAP: 0.4172764380931563
AP_50: 0.747732639610378
AP_75: 0.41611905137184585
AP_small: 0.05945076385654308
AP_m: 0.3562794076815777
AP_l: 0.56917774518703
