mAP: 0.8273342639776121
AP_50: 0.9905903869018846
AP_75: 0.9582319324886842
AP_small: -1.0
AP_m: -1.0
AP_l: 0.827376586848746
